./a.out ../Data/synthetic_data_set.SEP   \
        ../Data/synthetic_hdrs_set.SEP   \
        1                                \
        1000                             \
        5                                \
        3200                             \
        2                                \
        1 3 2500 600 2000    -1 -0.0 30  \
        1 3 2500 650 2015    -1 -0.0 30  \
        1 3 2500 700 2020  -.5 -0.0 30  \
        1 3 2500 750 2030  -.5 -0.0 30  \
        1 3 2500 1040 2500 -.2 -0.0 30  \
        1 3 2500 1540 3000 -.1 -0.0 30  \


