./a.out ../Data/synthetic_data_set_1.SEP    \
        ../Data/synthetic_hdrs_set_1.SEP    \
        1                                   \
        330                                 \
        9.25                                \
        2400                                \
        1                                   \
        2 3 0  200 1500 1   5 10 400 440    \
        2 3 0  400 1500 -.9 5 10 400 440    \
        2 3 0  600 1500 .8  5 10 400 440    \
        2 3 0  800 1500 -.7 5 10 400 440    \
        2 3 0 1000 1500 .6  5 10 400 440    \
        2 3 0 1200 1500 -.5 5 10 400 440    \
        2 3 0 1400 1500 .4  5 10 400 440    \
        2 3 0 1600 1500 -.3 5 10 400 440    \
        2 3 0 1800 1500 .25 5 10 400 440    \
        2 3 0 2000 1500 -.2 5 10 400 440    \
        2 3 0 2200 1500 .15 5 10 400 440 


