./a.out ../Data/synthetic_data_set_2.SEP    \
        ../Data/synthetic_hdrs_set_2.SEP    \
        1                                   \
        250                                 \
        4.25                                \
        1004                                \
        4                                   \
        2 3 0  200 2500 1   5 10 40 64      \
        2 3 0  400 2500 -.9 5 10 40 64      \
        2 3 0  600 2500 .8  5 10 40 64      \
        2 3 0  800 2500 -.7 5 10 40 64      \
        2 3 0 1000 2500 .6  5 10 40 64      \
        2 3 0 1200 2500 -.5 5 10 40 64      \
        2 3 0 1400 2500 .4  5 10 40 64      \
        2 3 0 1600 2500 -.3 5 10 40 64      \
        2 3 0 1800 2500 .25 5 10 40 64      \
        2 3 0 2000 2500 -.2 5 10 40 64      \
        2 3 0 2200 2500 .15 5 10 40 64   
../bin/show ../Data/synthetic_data_set_2.SEP &

